{
 "cells": [
  {
   "cell_type": "code",
   "execution_count": 39,
   "metadata": {},
   "outputs": [],
   "source": [
    "import numpy as np\n",
    "from svmutil import*\n",
    "import matplotlib.pyplot as plt"
   ]
  },
  {
   "cell_type": "code",
   "execution_count": 40,
   "metadata": {},
   "outputs": [],
   "source": [
    "data=np.genfromtxt(\"breast-cancer-wisconsin.data\",delimiter=',')"
   ]
  },
  {
   "cell_type": "code",
   "execution_count": 41,
   "metadata": {},
   "outputs": [],
   "source": [
    "X=data[:300,1:10].astype(int)\n",
    "Y=data[:300,10:].astype(int)"
   ]
  },
  {
   "cell_type": "code",
   "execution_count": 42,
   "metadata": {},
   "outputs": [],
   "source": [
    "max=np.max(X,axis=0)"
   ]
  },
  {
   "cell_type": "code",
   "execution_count": 43,
   "metadata": {},
   "outputs": [],
   "source": [
    "X=X/max"
   ]
  },
  {
   "cell_type": "code",
   "execution_count": 49,
   "metadata": {},
   "outputs": [
    {
     "ename": "SyntaxError",
     "evalue": "invalid syntax (<ipython-input-49-70e9d00f86c6>, line 1)",
     "output_type": "error",
     "traceback": [
      "\u001b[0;36m  File \u001b[0;32m\"<ipython-input-49-70e9d00f86c6>\"\u001b[0;36m, line \u001b[0;32m1\u001b[0m\n\u001b[0;31m    Y_train=[]var\u001b[0m\n\u001b[0m                ^\u001b[0m\n\u001b[0;31mSyntaxError\u001b[0m\u001b[0;31m:\u001b[0m invalid syntax\n"
     ]
    }
   ],
   "source": [
    "Y_train=[]\n",
    "for i in range(300):\n",
    "    Y_train.append(Y[i][0])"
   ]
  },
  {
   "cell_type": "code",
   "execution_count": 45,
   "metadata": {},
   "outputs": [],
   "source": [
    "X_mean=X.mean(axis=0)"
   ]
  },
  {
   "cell_type": "code",
   "execution_count": 47,
   "metadata": {},
   "outputs": [],
   "source": [
    "X=X-X_mean"
   ]
  },
  {
   "cell_type": "code",
   "execution_count": 48,
   "metadata": {},
   "outputs": [],
   "source": [
    "var=np.dot(X.T,X)"
   ]
  },
  {
   "cell_type": "code",
   "execution_count": 50,
   "metadata": {},
   "outputs": [
    {
     "data": {
      "text/plain": [
       "array([[2.90318667e+01, 1.99177333e+01, 2.00623333e+01, 1.29576000e+01,\n",
       "        1.17771333e+01, 1.24331055e+18, 1.07570667e+01, 1.61186000e+01,\n",
       "        7.05186667e+00],\n",
       "       [1.99177333e+01, 2.93434667e+01, 2.64546667e+01, 1.72672000e+01,\n",
       "        1.68102667e+01, 1.15845553e+18, 1.33621333e+01, 2.09492000e+01,\n",
       "        8.22773333e+00],\n",
       "       [2.00623333e+01, 2.64546667e+01, 2.85091667e+01, 1.64070000e+01,\n",
       "        1.60751667e+01, 6.08742554e+17, 1.27663333e+01, 2.13795000e+01,\n",
       "        7.78233333e+00],\n",
       "       [1.29576000e+01, 1.72672000e+01, 1.64070000e+01, 2.58588000e+01,\n",
       "        1.13894000e+01, 1.49787562e+18, 1.10552000e+01, 1.68518000e+01,\n",
       "        7.18760000e+00],\n",
       "       [1.17771333e+01, 1.68102667e+01, 1.60751667e+01, 1.13894000e+01,\n",
       "        1.92563667e+01, 1.48680757e+18, 8.59593333e+00, 1.45959000e+01,\n",
       "        6.60713333e+00],\n",
       "       [1.24331055e+18, 1.15845553e+18, 6.08742554e+17, 1.49787562e+18,\n",
       "        1.48680757e+18, 9.80013217e+36, 6.41946694e+17, 8.89133064e+17,\n",
       "        9.66609389e+17],\n",
       "       [1.07570667e+01, 1.33621333e+01, 1.27663333e+01, 1.10552000e+01,\n",
       "        8.59593333e+00, 6.41946694e+17, 1.39774667e+01, 1.28822000e+01,\n",
       "        3.64706667e+00],\n",
       "       [1.61186000e+01, 2.09492000e+01, 2.13795000e+01, 1.68518000e+01,\n",
       "        1.45959000e+01, 8.89133064e+17, 1.28822000e+01, 3.22273000e+01,\n",
       "        7.95860000e+00],\n",
       "       [7.05186667e+00, 8.22773333e+00, 7.78233333e+00, 7.18760000e+00,\n",
       "        6.60713333e+00, 9.66609389e+17, 3.64706667e+00, 7.95860000e+00,\n",
       "        1.25318667e+01]])"
      ]
     },
     "execution_count": 50,
     "metadata": {},
     "output_type": "execute_result"
    }
   ],
   "source": [
    "var"
   ]
  },
  {
   "cell_type": "code",
   "execution_count": 52,
   "metadata": {},
   "outputs": [],
   "source": [
    "var=np.linalg.eig(var)"
   ]
  },
  {
   "cell_type": "code",
   "execution_count": 54,
   "metadata": {},
   "outputs": [
    {
     "ename": "ValueError",
     "evalue": "could not broadcast input array from shape (9,9) into shape (9)",
     "output_type": "error",
     "traceback": [
      "\u001b[0;31m---------------------------------------------------------------------------\u001b[0m",
      "\u001b[0;31mAttributeError\u001b[0m                            Traceback (most recent call last)",
      "\u001b[0;32m/anaconda3/lib/python3.6/site-packages/numpy/core/fromnumeric.py\u001b[0m in \u001b[0;36mshape\u001b[0;34m(a)\u001b[0m\n\u001b[1;32m   1824\u001b[0m     \u001b[0;32mtry\u001b[0m\u001b[0;34m:\u001b[0m\u001b[0;34m\u001b[0m\u001b[0;34m\u001b[0m\u001b[0m\n\u001b[0;32m-> 1825\u001b[0;31m         \u001b[0mresult\u001b[0m \u001b[0;34m=\u001b[0m \u001b[0ma\u001b[0m\u001b[0;34m.\u001b[0m\u001b[0mshape\u001b[0m\u001b[0;34m\u001b[0m\u001b[0;34m\u001b[0m\u001b[0m\n\u001b[0m\u001b[1;32m   1826\u001b[0m     \u001b[0;32mexcept\u001b[0m \u001b[0mAttributeError\u001b[0m\u001b[0;34m:\u001b[0m\u001b[0;34m\u001b[0m\u001b[0;34m\u001b[0m\u001b[0m\n",
      "\u001b[0;31mAttributeError\u001b[0m: 'tuple' object has no attribute 'shape'",
      "\nDuring handling of the above exception, another exception occurred:\n",
      "\u001b[0;31mValueError\u001b[0m                                Traceback (most recent call last)",
      "\u001b[0;32m<ipython-input-54-d086711af949>\u001b[0m in \u001b[0;36m<module>\u001b[0;34m\u001b[0m\n\u001b[0;32m----> 1\u001b[0;31m \u001b[0mnp\u001b[0m\u001b[0;34m.\u001b[0m\u001b[0mshape\u001b[0m\u001b[0;34m(\u001b[0m\u001b[0mvar\u001b[0m\u001b[0;34m)\u001b[0m\u001b[0;34m\u001b[0m\u001b[0;34m\u001b[0m\u001b[0m\n\u001b[0m",
      "\u001b[0;32m/anaconda3/lib/python3.6/site-packages/numpy/core/fromnumeric.py\u001b[0m in \u001b[0;36mshape\u001b[0;34m(a)\u001b[0m\n\u001b[1;32m   1825\u001b[0m         \u001b[0mresult\u001b[0m \u001b[0;34m=\u001b[0m \u001b[0ma\u001b[0m\u001b[0;34m.\u001b[0m\u001b[0mshape\u001b[0m\u001b[0;34m\u001b[0m\u001b[0;34m\u001b[0m\u001b[0m\n\u001b[1;32m   1826\u001b[0m     \u001b[0;32mexcept\u001b[0m \u001b[0mAttributeError\u001b[0m\u001b[0;34m:\u001b[0m\u001b[0;34m\u001b[0m\u001b[0;34m\u001b[0m\u001b[0m\n\u001b[0;32m-> 1827\u001b[0;31m         \u001b[0mresult\u001b[0m \u001b[0;34m=\u001b[0m \u001b[0masarray\u001b[0m\u001b[0;34m(\u001b[0m\u001b[0ma\u001b[0m\u001b[0;34m)\u001b[0m\u001b[0;34m.\u001b[0m\u001b[0mshape\u001b[0m\u001b[0;34m\u001b[0m\u001b[0;34m\u001b[0m\u001b[0m\n\u001b[0m\u001b[1;32m   1828\u001b[0m     \u001b[0;32mreturn\u001b[0m \u001b[0mresult\u001b[0m\u001b[0;34m\u001b[0m\u001b[0;34m\u001b[0m\u001b[0m\n\u001b[1;32m   1829\u001b[0m \u001b[0;34m\u001b[0m\u001b[0m\n",
      "\u001b[0;32m/anaconda3/lib/python3.6/site-packages/numpy/core/numeric.py\u001b[0m in \u001b[0;36masarray\u001b[0;34m(a, dtype, order)\u001b[0m\n\u001b[1;32m    536\u001b[0m \u001b[0;34m\u001b[0m\u001b[0m\n\u001b[1;32m    537\u001b[0m     \"\"\"\n\u001b[0;32m--> 538\u001b[0;31m     \u001b[0;32mreturn\u001b[0m \u001b[0marray\u001b[0m\u001b[0;34m(\u001b[0m\u001b[0ma\u001b[0m\u001b[0;34m,\u001b[0m \u001b[0mdtype\u001b[0m\u001b[0;34m,\u001b[0m \u001b[0mcopy\u001b[0m\u001b[0;34m=\u001b[0m\u001b[0;32mFalse\u001b[0m\u001b[0;34m,\u001b[0m \u001b[0morder\u001b[0m\u001b[0;34m=\u001b[0m\u001b[0morder\u001b[0m\u001b[0;34m)\u001b[0m\u001b[0;34m\u001b[0m\u001b[0;34m\u001b[0m\u001b[0m\n\u001b[0m\u001b[1;32m    539\u001b[0m \u001b[0;34m\u001b[0m\u001b[0m\n\u001b[1;32m    540\u001b[0m \u001b[0;34m\u001b[0m\u001b[0m\n",
      "\u001b[0;31mValueError\u001b[0m: could not broadcast input array from shape (9,9) into shape (9)"
     ]
    }
   ],
   "source": [
    "np.shape(var)"
   ]
  },
  {
   "cell_type": "code",
   "execution_count": 58,
   "metadata": {},
   "outputs": [],
   "source": [
    "eig=var[1][1]"
   ]
  },
  {
   "cell_type": "code",
   "execution_count": 59,
   "metadata": {},
   "outputs": [],
   "source": [
    "data=np.dot(X,eig)"
   ]
  },
  {
   "cell_type": "code",
   "execution_count": 60,
   "metadata": {},
   "outputs": [
    {
     "data": {
      "text/plain": [
       "(300,)"
      ]
     },
     "execution_count": 60,
     "metadata": {},
     "output_type": "execute_result"
    }
   ],
   "source": [
    "np.shape(data)"
   ]
  },
  {
   "cell_type": "code",
   "execution_count": null,
   "metadata": {},
   "outputs": [],
   "source": []
  }
 ],
 "metadata": {
  "kernelspec": {
   "display_name": "Python 3",
   "language": "python",
   "name": "python3"
  },
  "language_info": {
   "codemirror_mode": {
    "name": "ipython",
    "version": 3
   },
   "file_extension": ".py",
   "mimetype": "text/x-python",
   "name": "python",
   "nbconvert_exporter": "python",
   "pygments_lexer": "ipython3",
   "version": "3.6.8"
  }
 },
 "nbformat": 4,
 "nbformat_minor": 2
}
